   -0.06343360
   -0.01947334
   -0.06904875
    0.36802636
   -0.52961399
   -0.40670150
    0.09117178
   -0.05527875
   -0.05399372
    0.03713157
   -0.25202326
    0.26968046
   -0.50443213
   -0.03580137
   -0.04938309
   -0.05156226
   -0.05156470
   -0.04957671
   -0.03539733
    0.27311292
   -0.47969821
   -0.04886150
   -0.04848333
    0.08887068
    0.05602275
    0.04773788
    0.07257866
    0.07717608
    0.07031484
    0.11451828
    0.05984884
    0.10309534
    0.05785504
    0.09414005
    0.06042815
    0.06677359
    0.05589183
    0.04437567
    0.04187431
    0.04458399
    0.04240923
    0.06941371
    0.05834871
    0.06025283
    0.11848407
    0.07249859
    0.10846401
    0.07924734
